1 0.476562 0.071875 0.125000 0.068750
4 0.629687 0.132292 0.087500 0.085417
1 0.769531 0.172917 0.110937 0.095833
5 0.506250 0.081250 0.103125 0.070833
1 0.290625 0.177083 0.093750 0.066667
1 1.078125 0.220833 0.053125 0.054167
3 0.327344 0.467708 0.467187 0.693750
1 1.004687 0.187500 0.071875 0.066667
1 0.957812 0.204167 0.090625 0.095833
1 0.592969 0.114583 0.051562 0.062500
5 0.554688 0.097917 0.128125 0.079167
0 0.996094 0.206250 0.079687 0.091667
1 0.839844 0.144792 0.067187 0.047917
1 0.864844 0.131250 0.076563 0.058333
1 0.875781 0.220833 0.104688 0.091667
1 0.927344 0.215625 0.120313 0.106250